 0.000000  0.000000  0.000000  0.000000  0.000000  0.000000  0.000000  0.000000  0.000000  0.000000  0.000000  0.000000  0.000000  0.000000  0.000000  0.000000  0.000000  0.000000  0.000000  0.000000  0.000000  0.000000  0.000000  0.000000  0.000000  0.000000  0.000000  0.000000  0.000000  0.000000  0.000000  0.000000  0.000000  0.000000  0.000000  0.000000  0.000000  0.000000  0.000000  0.000000  
 0.000000 -0.004568 -0.009299 -0.014120 -0.019088 -0.024208 -0.029434 -0.034675 -0.039812 -0.044708 -0.049219 -0.053215 -0.056603 -0.059343 -0.061444 -0.062949 -0.063929 -0.064505 -0.064805 -0.064846 -0.064627 -0.064312 -0.063929 -0.063241 -0.062211 -0.060815 -0.058870 -0.056342 -0.053194 -0.049410 -0.045100 -0.040316 -0.035247 -0.030002 -0.024749 -0.019566 -0.014440 -0.009532 -0.004802  0.000000  
 0.000000 -0.008567 -0.017499 -0.026362 -0.035173 -0.043921 -0.052559 -0.061011 -0.069175 -0.076930 -0.084147 -0.090701 -0.096488 -0.101446 -0.105543 -0.108791 -0.111231 -0.112905 -0.113907 -0.114465 -0.114474 -0.113468 -0.112089 -0.110758 -0.108268 -0.105188 -0.101355 -0.096398 -0.091004 -0.084415 -0.077580 -0.069727 -0.061857 -0.053225 -0.044745 -0.035846 -0.026906 -0.017910 -0.008396  0.000000  
 0.000000 -0.011754 -0.023983 -0.036032 -0.047880 -0.059497 -0.070837 -0.081832 -0.092396 -0.102420 -0.111786 -0.120372 -0.128065 -0.134780 -0.140461 -0.145082 -0.148653 -0.151254 -0.152920 -0.153557 -0.153435 -0.152873 -0.151011 -0.147946 -0.144618 -0.139910 -0.134485 -0.128058 -0.120473 -0.112262 -0.102871 -0.093137 -0.082438 -0.071538 -0.060071 -0.048267 -0.036500 -0.024287 -0.012532  0.000000  
 0.000000 -0.013747 -0.028033 -0.042072 -0.055817 -0.069226 -0.082253 -0.094842 -0.106913 -0.118370 -0.129100 -0.138978 -0.147883 -0.155709 -0.162381 -0.167864 -0.172150 -0.175254 -0.177262 -0.178261 -0.178149 -0.176978 -0.175022 -0.171859 -0.167472 -0.162225 -0.155528 -0.147993 -0.139183 -0.129533 -0.118903 -0.107601 -0.095534 -0.083040 -0.069861 -0.056577 -0.042636 -0.028645 -0.014423  0.000000  
 0.000000 -0.014303 -0.029187 -0.043798 -0.058075 -0.071974 -0.085453 -0.098472 -0.110955 -0.122818 -0.133953 -0.144227 -0.153508 -0.161677 -0.168646 -0.174375 -0.178852 -0.182108 -0.184233 -0.185234 -0.185087 -0.183985 -0.181992 -0.178693 -0.174142 -0.168544 -0.161616 -0.153640 -0.144501 -0.134395 -0.123392 -0.111651 -0.099229 -0.086250 -0.072708 -0.058860 -0.044481 -0.029948 -0.015182  0.000000  
 0.000000 -0.013310 -0.027235 -0.040898 -0.054241 -0.067227 -0.079833 -0.092052 -0.103772 -0.114934 -0.125431 -0.135128 -0.143882 -0.151567 -0.158091 -0.163411 -0.167545 -0.170543 -0.172422 -0.173320 -0.173403 -0.172318 -0.170150 -0.167336 -0.163304 -0.158067 -0.151834 -0.144201 -0.135744 -0.126078 -0.115833 -0.104676 -0.093155 -0.080816 -0.068281 -0.055090 -0.041735 -0.027989 -0.013753  0.000000  
 0.000000 -0.010836 -0.022324 -0.033594 -0.044608 -0.055345 -0.065792 -0.076062 -0.085863 -0.095247 -0.104098 -0.112271 -0.119623 -0.126030 -0.131405 -0.135709 -0.138995 -0.141362 -0.142852 -0.143490 -0.143336 -0.142680 -0.141320 -0.138816 -0.135635 -0.131397 -0.126122 -0.120020 -0.112782 -0.104912 -0.096125 -0.086940 -0.077059 -0.066865 -0.056277 -0.045494 -0.034391 -0.023058 -0.011840  0.000000  
 0.000000 -0.007165 -0.015010 -0.022709 -0.030253 -0.037649 -0.044912 -0.052230 -0.059194 -0.065920 -0.072289 -0.078162 -0.083398 -0.087879 -0.091525 -0.094345 -0.096428 -0.097791 -0.098541 -0.098951 -0.098974 -0.098463 -0.097476 -0.096288 -0.094271 -0.091633 -0.088172 -0.083838 -0.078925 -0.073179 -0.067055 -0.060344 -0.053494 -0.046079 -0.038801 -0.031256 -0.023594 -0.015789 -0.007680  0.000000  
 0.000000 -0.002735 -0.006162 -0.009527 -0.012860 -0.016198 -0.019582 -0.023263 -0.026750 -0.030211 -0.033533 -0.036585 -0.039233 -0.041365 -0.042936 -0.043983 -0.044557 -0.044756 -0.044818 -0.044745 -0.044647 -0.044776 -0.044768 -0.044415 -0.043933 -0.042964 -0.041554 -0.039637 -0.037172 -0.034424 -0.031199 -0.027911 -0.024390 -0.020743 -0.017251 -0.013825 -0.010418 -0.006958 -0.003689  0.000000  
 0.000000  0.001905  0.003130  0.004327  0.005439  0.006395  0.007134  0.007366  0.007610  0.007661  0.007614  0.007584  0.007692  0.008034  0.008636  0.009452  0.010392  0.011330  0.012100  0.012482  0.012421  0.012182  0.011534  0.010433  0.009443  0.008468  0.007680  0.007203  0.006830  0.006719  0.006525  0.006425  0.006049  0.005874  0.005144  0.004295  0.003310  0.002249  0.001365  0.000000  
 0.000000  0.006257  0.011850  0.017343  0.022649  0.027674  0.032340  0.036333  0.040163  0.043599  0.046708  0.049584  0.052326  0.055010  0.057642  0.060155  0.062459  0.064416  0.065829  0.066662  0.066676  0.065738  0.064419  0.062632  0.060150  0.057611  0.054739  0.051872  0.048927  0.045764  0.042541  0.038922  0.035087  0.031073  0.026482  0.021641  0.016352  0.011028  0.005385  0.000000  
 0.000000  0.009840  0.019034  0.028076  0.036865  0.045294  0.053269  0.060494  0.067389  0.073727  0.079548  0.084914  0.089890  0.094525  0.098801  0.102657  0.106022  0.108740  0.110637  0.111620  0.111659  0.110794  0.108756  0.105988  0.102617  0.098591  0.094244  0.089385  0.084273  0.078664  0.072688  0.066191  0.059245  0.051948  0.044068  0.035622  0.027025  0.018097  0.009074  0.000000  
 0.000000  0.012352  0.024074  0.035628  0.046907  0.057800  0.068205  0.077878  0.087072  0.095601  0.103466  0.110693  0.117311  0.123336  0.128748  0.133482  0.137467  0.140613  0.142816  0.144007  0.143945  0.142711  0.140717  0.137609  0.133442  0.128663  0.122991  0.116836  0.109975  0.102536  0.094490  0.085830  0.076544  0.066879  0.056490  0.045815  0.034569  0.023215  0.011675  0.000000  
 0.000000  0.013684  0.026763  0.039680  0.052338  0.064634  0.076466  0.087700  0.098323  0.108236  0.117398  0.125787  0.133391  0.140195  0.146164  0.151262  0.155475  0.158695  0.160833  0.162011  0.162170  0.160981  0.158477  0.155437  0.151233  0.145992  0.140055  0.132920  0.125298  0.116550  0.107344  0.097158  0.086592  0.075157  0.063512  0.051117  0.038685  0.025824  0.012567  0.000000  
 0.000000  0.013956  0.027336  0.040575  0.053596  0.066312  0.078631  0.090567  0.101789  0.112318  0.122065  0.130957  0.138936  0.145959  0.151997  0.157010  0.161017  0.164056  0.166048  0.166987  0.167027  0.166257  0.164156  0.160812  0.156914  0.151670  0.145570  0.138492  0.130254  0.121303  0.111253  0.100721  0.089256  0.077337  0.064953  0.052230  0.039459  0.026284  0.013372  0.000000  
 0.000000  0.013429  0.026308  0.039074  0.051678  0.064053  0.076120  0.088063  0.099205  0.109712  0.119451  0.128302  0.136164  0.142971  0.148692  0.153327  0.156920  0.159518  0.161213  0.162073  0.161982  0.161166  0.159697  0.156957  0.153176  0.148544  0.142497  0.135682  0.127520  0.118593  0.108599  0.098049  0.086695  0.074818  0.062606  0.050500  0.037918  0.025431  0.012956  0.000000  
 0.000000  0.012479  0.024395  0.036227  0.047950  0.059524  0.070882  0.082380  0.093003  0.103062  0.112397  0.120851  0.128292  0.134634  0.139846  0.143930  0.146995  0.149175  0.150487  0.151147  0.151177  0.150411  0.149082  0.147044  0.143847  0.139701  0.134353  0.127832  0.120286  0.111553  0.102165  0.091880  0.081250  0.069619  0.058304  0.046781  0.035140  0.023538  0.011649  0.000000  
 0.000000  0.011509  0.022365  0.033156  0.043881  0.054520  0.065021  0.075869  0.085800  0.095229  0.103978  0.111881  0.118787  0.124596  0.129287  0.132885  0.135469  0.137246  0.138338  0.138776  0.138802  0.138280  0.137137  0.135348  0.132778  0.129045  0.124366  0.118388  0.111358  0.103289  0.094428  0.084843  0.074827  0.063859  0.053357  0.042633  0.032009  0.021307  0.010600  0.000000  
 0.000000  0.010861  0.020878  0.030842  0.040762  0.050632  0.060407  0.070653  0.079961  0.088815  0.097031  0.104439  0.110892  0.116283  0.120587  0.123857  0.126177  0.127692  0.128619  0.129021  0.128976  0.128563  0.127613  0.126009  0.123656  0.120334  0.115963  0.110479  0.103897  0.096414  0.088040  0.079083  0.069619  0.059294  0.049418  0.039503  0.029578  0.019664  0.009859  0.000000  
 0.000000  0.010739  0.020345  0.029907  0.039438  0.048931  0.058338  0.068202  0.077171  0.085711  0.093646  0.100805  0.107044  0.112257  0.116410  0.119556  0.121801  0.123274  0.124142  0.124556  0.124528  0.124094  0.123179  0.121653  0.119338  0.116156  0.111914  0.106637  0.100320  0.093068  0.085014  0.076350  0.067248  0.057268  0.047745  0.038188  0.028597  0.019043  0.009514  0.000000  
 0.000000  0.011238  0.020996  0.030721  0.040416  0.050065  0.059615  0.069520  0.078581  0.087197  0.095207  0.102450  0.108787  0.114122  0.118422  0.121727  0.124132  0.125765  0.126755  0.127219  0.127208  0.126702  0.125663  0.123991  0.121540  0.118190  0.113845  0.108462  0.102072  0.094745  0.086642  0.077904  0.068717  0.058665  0.048979  0.039201  0.029400  0.019596  0.009785  0.000000  
 0.000000  0.012298  0.022780  0.033248  0.043688  0.054063  0.064308  0.074713  0.084372  0.093532  0.102040  0.109742  0.116512  0.122273  0.126999  0.130718  0.133503  0.135454  0.136677  0.137252  0.137230  0.136608  0.135346  0.133364  0.130559  0.126820  0.122084  0.116304  0.109503  0.101750  0.093166  0.083900  0.074105  0.063536  0.053112  0.042546  0.031922  0.021278  0.010635  0.000000  
 0.000000  0.013773  0.025487  0.037223  0.048953  0.060612  0.072112  0.083547  0.094337  0.104534  0.113981  0.122526  0.130058  0.136520  0.141895  0.146208  0.149514  0.151887  0.153407  0.154133  0.154108  0.153337  0.151787  0.149396  0.146088  0.141787  0.136429  0.129982  0.122451  0.113885  0.104383  0.094093  0.083166  0.071553  0.059837  0.047936  0.035948  0.023946  0.011967  0.000000  
 0.000000  0.015540  0.028934  0.042381  0.055852  0.069267  0.082512  0.095457  0.107859  0.119547  0.130344  0.140099  0.148706  0.156119  0.162324  0.167347  0.171240  0.174069  0.175899  0.176786  0.176769  0.175855  0.174009  0.171182  0.167309  0.162324  0.156163  0.148796  0.140222  0.130474  0.119645  0.107879  0.095346  0.082216  0.068736  0.055043  0.041261  0.027478  0.013728  0.000000  
 0.000000  0.017371  0.032716  0.048150  0.063645  0.079113  0.094409  0.109208  0.123551  0.137061  0.149523  0.160766  0.170673  0.179189  0.186308  0.192062  0.196518  0.199757  0.201855  0.202879  0.202878  0.201855  0.199769  0.196560  0.192153  0.186464  0.179420  0.170979  0.161133  0.149924  0.137454  0.123885  0.109423  0.094443  0.078906  0.063143  0.047307  0.031492  0.015729  0.000000  
 0.000000  0.019114  0.036551  0.054125  0.071807  0.089496  0.107015  0.123907  0.140363  0.155869  0.170162  0.183036  0.194350  0.204036  0.212094  0.218579  0.223583  0.227213  0.229565  0.230722  0.230741  0.229624  0.227323  0.223759  0.218838  0.212451  0.204499  0.194917  0.183691  0.170875  0.156598  0.141054  0.124496  0.107436  0.089684  0.071701  0.053670  0.035698  0.017818  0.000000  
 0.000000  0.020686  0.040223  0.059923  0.079758  0.099621  0.119321  0.138292  0.156842  0.174337  0.190470  0.204993  0.217728  0.228586  0.237566  0.244742  0.250239  0.254198  0.256755  0.258020  0.258063  0.256885  0.254424  0.250574  0.245199  0.238155  0.229311  0.218584  0.205960  0.191519  0.175423  0.157910  0.139280  0.120161  0.100248  0.080109  0.059941  0.039857  0.019889  0.000000  
 0.000000  0.021956  0.043403  0.065000  0.086718  0.108457  0.130032  0.150869  0.171239  0.190482  0.208255  0.224265  0.238293  0.250218  0.260031  0.267811  0.273710  0.277913  0.280607  0.281946  0.282015  0.280816  0.278268  0.274218  0.268480  0.260866  0.251218  0.239445  0.225550  0.209640  0.191922  0.172680  0.152253  0.131295  0.109536  0.087554  0.065539  0.043598  0.021763  0.000000  
 0.000000  0.022812  0.045809  0.068907  0.092078  0.115226  0.138181  0.160397  0.182083  0.202604  0.221598  0.238741  0.253777  0.266556  0.277048  0.285332  0.291576  0.295999  0.298829  0.300245  0.300341  0.299119  0.296485  0.292260  0.286215  0.278127  0.267822  0.255215  0.240325  0.223294  0.204369  0.183868  0.162146  0.139838  0.116736  0.093387  0.069970  0.046584  0.023267  0.000000  
 0.000000  0.023143  0.047131  0.071139  0.095135  0.119024  0.142645  0.165520  0.187812  0.208945  0.228563  0.246326  0.261953  0.275266  0.286208  0.294843  0.301343  0.305948  0.308900  0.310388  0.310511  0.309266  0.306555  0.302189  0.295920  0.287505  0.276768  0.263638  0.248165  0.230522  0.210982  0.189882  0.167576  0.144637  0.120907  0.096865  0.072680  0.048453  0.024223  0.000000  
 0.000000  0.022867  0.047141  0.071317  0.095348  0.119148  0.142572  0.165269  0.187325  0.208276  0.227787  0.245526  0.261215  0.274657  0.285761  0.294564  0.301213  0.305937  0.308971  0.310506  0.310650  0.309400  0.306645  0.302191  0.295797  0.287232  0.276342  0.263088  0.247554  0.229935  0.210507  0.189597  0.167544  0.144810  0.121313  0.097409  0.073246  0.048922  0.024489  0.000000  
 0.000000  0.021924  0.045671  0.069187  0.092397  0.115221  0.137561  0.159182  0.180130  0.200057  0.218683  0.235715  0.250890  0.263995  0.274915  0.283649  0.290305  0.295065  0.298135  0.299695  0.299853  0.298606  0.295839  0.291369  0.284982  0.276491  0.265788  0.252867  0.237843  0.220926  0.202382  0.182502  0.161568  0.139932  0.117552  0.094665  0.071379  0.047778  0.023949  0.000000  
 0.000000  0.020271  0.042606  0.064593  0.086116  0.107106  0.127504  0.147227  0.166230  0.184341  0.201352  0.217027  0.231114  0.243393  0.253727  0.262086  0.268531  0.273191  0.276228  0.277785  0.277948  0.276714  0.273989  0.269623  0.263446  0.255327  0.245202  0.233097  0.219149  0.203581  0.186646  0.168583  0.149602  0.129880  0.109467  0.088450  0.066894  0.044877  0.022524  0.000000  
 0.000000  0.017956  0.038008  0.057625  0.076668  0.095079  0.112845  0.129952  0.146385  0.162065  0.176868  0.190612  0.203081  0.214065  0.223414  0.231068  0.237039  0.241401  0.244269  0.245753  0.245911  0.244741  0.242173  0.238093  0.232376  0.224946  0.215787  0.204960  0.192615  0.178965  0.164229  0.148594  0.132187  0.115091  0.097328  0.078915  0.059872  0.040264  0.020240  0.000000  
 0.000000  0.015049  0.032029  0.048538  0.064440  0.079676  0.094258  0.108226  0.121617  0.134424  0.146575  0.157936  0.168336  0.177605  0.185593  0.192211  0.197429  0.201275  0.203819  0.205141  0.205284  0.204245  0.201971  0.198376  0.193383  0.186961  0.179137  0.170002  0.159706  0.148423  0.136328  0.123559  0.110193  0.096243  0.081674  0.066451  0.050569  0.034093  0.017168  0.000000  
 0.000000  0.011674  0.024950  0.037795  0.050092  0.061780  0.072877  0.083445  0.093550  0.103227  0.112450  0.121129  0.129144  0.136367  0.142666  0.147944  0.152156  0.155300  0.157401  0.158498  0.158616  0.157751  0.155872  0.152932  0.148902  0.143782  0.137613  0.130496  0.122561  0.113942  0.104763  0.095116  0.085032  0.074482  0.063402  0.051732  0.039464  0.026659  0.013445  0.000000  
 0.000000  0.007971  0.017078  0.025847  0.034197  0.042089  0.049544  0.056616  0.063358  0.069810  0.075978  0.081818  0.087257  0.092203  0.096556  0.100231  0.103187  0.105415  0.106915  0.107702  0.107786  0.107164  0.105820  0.103737  0.100909  0.097345  0.093082  0.088209  0.082826  0.077026  0.070888  0.064457  0.057730  0.050671  0.043230  0.035357  0.027032  0.018298  0.009244  0.000000  
 0.000000  0.004043  0.008665  0.013090  0.017280  0.021223  0.024942  0.028471  0.031832  0.035048  0.038130  0.041063  0.043810  0.046323  0.048546  0.050423  0.051928  0.053058  0.053816  0.054212  0.054256  0.053945  0.053269  0.052214  0.050774  0.048954  0.046778  0.044302  0.041583  0.038671  0.035603  0.032398  0.029045  0.025524  0.021812  0.017880  0.013705  0.009300  0.004707  0.000000  
 0.000000  0.000000  0.000000  0.000000  0.000000  0.000000  0.000000  0.000000  0.000000  0.000000  0.000000  0.000000  0.000000  0.000000  0.000000  0.000000  0.000000  0.000000  0.000000  0.000000  0.000000  0.000000  0.000000  0.000000  0.000000  0.000000  0.000000  0.000000  0.000000  0.000000  0.000000  0.000000  0.000000  0.000000  0.000000  0.000000  0.000000  0.000000  0.000000  0.000000  
